1.26e-07
9.8e-08
4.5e-08
3e-08
3.1e-08
3.1e-08
3e-08
3.1e-08
4e-08
6.8e-08
8.7e-08
5.6e-08
7e-08
5.3e-08
5.5e-08
4.7e-08
6.3e-08
6.6e-08
4.1e-08
4.9e-08
1e-07
5.4e-08
3.1e-08
3.1e-08
3.1e-08
2.9e-08
2.9e-08
3.1e-08
3e-08
3.2e-08
3e-08
3e-08
3.2e-08
3.1e-08
3e-08
3.2e-08
3.1e-08
3.2e-08
3.1e-08
3.1e-08
3.1e-08
3.1e-08
2.9e-08
3.2e-08
3.2e-08
3e-08
3.1e-08
7.3e-08
1.03e-07
4.8e-08
5.6e-08
4.7e-08
5.7e-08
7e-08
8.2e-08
6.6e-08
7.2e-08
5.5e-08
3.1e-08
3.1e-08
3.2e-08
3e-08
3.1e-08
3e-08
3.1e-08
3e-08
3e-08
2.9e-08
3e-08
3.2e-08
3.1e-08
3.1e-08
3e-08
2.9e-08
3e-08
3.1e-08
3.1e-08
3.1e-08
3.1e-08
2.9e-08
