1.00001e-06
4.99992e-06
1.6e-05
0.000139
0.002643
0.018821
0.12417
1.37027
0
3.93391e-06
1.70469e-05
0.000119925
0.00152993
0.01377
0.114224
1.36111
9.53674e-07
2.86102e-06
1.88351e-05
0.000174999
0.00130105
0.0120702
0.113893
1.36884
1.43051e-06
5.24521e-06
1.62125e-05
0.000118732
0.00137997
0.0122628
0.113071
1.3614
0
2.86102e-06
1.7643e-05
0.000161648
0.00135565
0.0113769
0.112378
1.51955
9.53674e-07
3.8147e-06
1.81198e-05
0.000143051
0.00137281
0.0119791
0.112884
1.53436
0
4.76837e-06
2.19345e-05
0.000133514
0.00147533
0.011838
0.108327
2.08248
1.90735e-06
1.04904e-05
4.19617e-05
0.000344276
0.00409603
0.0324612
0.124935
2.16304
3.8147e-06
1.43051e-05
5.91278e-05
0.000359535
0.00374413
0.0276909
0.110207
1.93519
9.53674e-07
2.86102e-06
1.71661e-05
0.000117302
0.00196171
0.0116119
0.107915
1.84256
