1.00001e-06
3.1e-05
0.001965
0.193997
20.7162
0
6.10352e-05
0.00206566
0.191645
19.3553
0
6.48499e-05
0.00214386
0.191689
18.9316
0
6.10352e-05
0.0020752
0.191429
18.9126
0
6.10352e-05
0.00209808
0.191528
18.9279
0
4.57764e-05
0.00211334
0.191299
18.9403
0
6.86646e-05
0.00209045
0.190804
18.9084
0
4.57764e-05
0.00209045
0.191544
18.9532
0
6.10352e-05
0.0020752
0.191223
19.3227
0
6.10352e-05
0.00205994
0.191711
19.2458
3.00002e-06
0.000126
0.006305
0.209146
20.721
2148.08
0
0.000244141
0.00195312
0.19165
19.0149
1917.86
0
0
0.00195312
0.201172
19.0376
1912.68
0
0
0.00195312
0.19043
18.9712
1909.49
0
0.000488281
0.00195312
0.19043
18.9438
1908.81
0
0
0.00195312
0.189453
18.9785
1909.6
0
0
0.00195312
0.19043
18.9531
1907.95
0
0
0.00195312
0.189453
18.9385
1909.41
0
0
0.00195312
0.191406
18.998
1912.8
0
0
0.00195312
0.189453
18.9375
1911.32
